0 0.5
0 0.8050000000000003
0 0.8809999999999999
0 0.8862411550000001
0 0.8386768865215
0 0.882546275631005
0 0.886353976179125
0 0.8386933901880274
0 0.8825471939631856
0 0.8863540448282987
0 0.8386934002343778
0 0.8825471945222673
0 0.8863540448700926
0 0.838693400240494
1 0.8825471945226075
1 0.8863540448701182
1 0.8386934002404975
1 0.8825471945226077
1 0.886354044870118
1 0.8386934002404977
1 0.8825471945226075
1 0.8863540448701182
1 0.8386934002404977
1 0.8825471945226075
1 0.8863540448701182
1 0.8386934002404977
1 0.8825471945226075
1 0.8863540448701182
2 0.8386934002404977
2 0.8825471945226075
2 0.8863540448701182
2 0.8386934002404977
2 0.8825471945226075
2 0.8863540448701182
2 0.8386934002404977
2 0.8825471945226075
2 0.8863540448701182
2 0.8386934002404977
2 0.8825471945226075
2 0.8863540448701182
2 0.8386934002404977
2 0.8825471945226075
3 0.8863540448701182
3 0.8386934002404977
3 0.8825471945226075
3 0.8863540448701182
3 0.8386934002404977
3 0.8825471945226075
3 0.8863540448701182
3 0.8386934002404977
3 0.8825471945226075
3 0.8863540448701182
3 0.8386934002404977
3 0.8825471945226075
3 0.8863540448701182
3 0.8386934002404977
4 0.8825471945226075
4 0.8863540448701182
4 0.8386934002404977
4 0.8825471945226075
4 0.8863540448701182
4 0.8386934002404977
4 0.8825471945226075
4 0.8863540448701182
4 0.8386934002404977
4 0.8825471945226075
4 0.8863540448701182
4 0.8386934002404977
4 0.8825471945226075
4 0.8863540448701182
5 0.8386934002404977
5 0.8825471945226075
5 0.8863540448701182
5 0.8386934002404977
5 0.8825471945226075
5 0.8863540448701182
5 0.8386934002404977
5 0.8825471945226075
5 0.8863540448701182
5 0.8386934002404977
5 0.8825471945226075
5 0.8863540448701182
5 0.8386934002404977
5 0.8825471945226075
6 0.8863540448701182
6 0.8386934002404977
6 0.8825471945226075
6 0.8863540448701182
6 0.8386934002404977
6 0.8825471945226075
6 0.8863540448701182
6 0.8386934002404977
6 0.8825471945226075
6 0.8863540448701182
6 0.8386934002404977
6 0.8825471945226075
6 0.8863540448701182
6 0.8386934002404977
7 0.8825471945226075
7 0.8863540448701182
7 0.8386934002404977
7 0.8825471945226075
7 0.8863540448701182
7 0.8386934002404977
7 0.8825471945226075
7 0.8863540448701182
7 0.8386934002404977
7 0.8825471945226075
7 0.8863540448701182
7 0.8386934002404977
7 0.8825471945226075
7 0.8863540448701182
8 0.8386934002404977
8 0.8825471945226075
8 0.8863540448701182
8 0.8386934002404977
8 0.8825471945226075
8 0.8863540448701182
8 0.8386934002404977
8 0.8825471945226075
8 0.8863540448701182
8 0.8386934002404977
8 0.8825471945226075
8 0.8863540448701182
8 0.8386934002404977
8 0.8825471945226075
9 0.8863540448701182
9 0.8386934002404977
9 0.8825471945226075
9 0.8863540448701182
9 0.8386934002404977
9 0.8825471945226075
9 0.8863540448701182
9 0.8386934002404977
9 0.8825471945226075
9 0.8863540448701182
9 0.8386934002404977
9 0.8825471945226075
9 0.8863540448701182
9 0.8386934002404977
10 0.8825471945226075
10 0.8863540448701182
10 0.8386934002404977
10 0.8825471945226075
10 0.8863540448701182
10 0.8386934002404977
10 0.8825471945226075
10 0.8863540448701182
10 0.8386934002404977
10 0.8825471945226075
10 0.8863540448701182
10 0.8386934002404977
10 0.8825471945226075
10 0.8863540448701182
11 0.8386934002404977
11 0.8825471945226075
11 0.8863540448701182
11 0.8386934002404977
11 0.8825471945226075
11 0.8863540448701182
11 0.8386934002404977
11 0.8825471945226075
11 0.8863540448701182
11 0.8386934002404977
11 0.8825471945226075
11 0.8863540448701182
11 0.8386934002404977
11 0.8825471945226075
12 0.8863540448701182
12 0.8386934002404977
12 0.8825471945226075
12 0.8863540448701182
12 0.8386934002404977
12 0.8825471945226075
12 0.8863540448701182
12 0.8386934002404977
12 0.8825471945226075
12 0.8863540448701182
12 0.8386934002404977
12 0.8825471945226075
12 0.8863540448701182
12 0.8386934002404977
13 0.8825471945226075
13 0.8863540448701182
13 0.8386934002404977
13 0.8825471945226075
13 0.8863540448701182
13 0.8386934002404977
13 0.8825471945226075
13 0.8863540448701182
13 0.8386934002404977
13 0.8825471945226075
13 0.8863540448701182
13 0.8386934002404977
