0 40.565870200000454
0 39.09497720000039
0 35.15009560000018
0 30.030285600000024
0 31.349362000000003
0 31.442208
0 30.108583999999855
0 30.555603999999846
0 34.43567319999979
0 40.570177799999826
0 35.17647799999978
0 31.09574599999982
0 34.09432279999979
0 29.754685999999847
1 29.716225999999846
1 29.716225999999846
1 29.35516799999983
1 33.666072999999805
1 28.3320709999999
1 32.30817379999985
1 26.818386799999985
1 24.55883280000003
1 27.169194999999988
1 23.129745400000036
1 21.227119000000027
1 27.319100999999982
1 27.38264899999998
1 26.734049999999968
2 26.044263000000004
2 27.62581199999998
2 24.747447000000058
2 23.449591800000068
2 19.56843800000006
2 25.17671300000005
2 23.641938600000074
2 27.56483559999998
2 23.385389200000095
2 25.12106900000007
2 22.491349200000105
2 13.453844000000005
2 14.418925000000009
2 12.927389
3 13.639947000000001
3 12.868254599999995
3 13.819191800000041
3 13.155667600000061
3 14.013435000000074
3 14.047251400000077
3 12.565927600000077
3 11.597959400000029
3 13.126588800000068
3 11.622434000000046
3 11.926003600000042
3 11.348482200000019
3 11.960768800000052
3 11.225598800000022
4 9.153479800000005
4 11.403581800000017
4 11.864572400000032
4 12.062139800000043
4 13.17093220000007
4 13.236788000000072
4 13.047100000000054
4 12.509497400000043
4 12.575353200000045
4 10.760294400000015
4 10.797019000000024
4 12.959731800000055
4 12.367029600000043
4 10.852118600000027
5 12.487985000000046
5 12.356273400000044
5 12.542216400000006
5 12.84008339999998
5 11.051465999999966
5 12.285808199999972
5 12.743047799999976
5 9.314997999999958
5 9.82962439999996
5 12.172986599999971
5 10.490425599999964
5 12.578166599999976
5 15.822945600000002
5 15.3628924
6 9.585606399999957
6 10.300283199999964
6 12.296404000000003
6 14.60961860000005
6 11.469244800000022
6 9.956473400000009
6 11.729097400000047
6 15.000632200000089
6 14.586408400000092
6 12.505451400000068
6 11.073943200000047
6 13.679126600000078
6 10.59659660000004
6 10.789255400000044
7 18.907553799999924
7 13.496806800000085
7 15.0015576000001
7 15.102782400000105
7 11.436298400000053
7 12.57627520000007
7 9.581981200000033
7 11.860029400000052
7 14.366340200000053
7 10.630315600000051
7 10.839032800000036
7 11.924221200000048
7 14.08964180000005
7 11.82874820000004
8 11.124266400000046
8 10.653965600000042
8 10.737707000000002
8 11.365031799999977
8 12.66411679999998
8 12.19624419999998
8 11.041366399999983
8 9.190749799999969
8 10.060040799999983
8 12.282023799999985
8 11.004069799999979
8 12.238170399999978
8 11.44503019999998
8 11.347353799999985
9 12.138957999999983
9 12.507713199999982
9 10.267938000000019
9 11.833962000000053
9 12.041961000000057
9 11.64161040000005
9 11.12298300000006
9 9.72810840000004
9 12.209449200000071
9 11.52154600000006
9 12.093385000000069
9 12.103657400000069
9 11.753674400000062
9 10.77863320000005
10 11.414323800000057
10 11.414323800000057
10 10.605194200000046
10 11.776841600000063
10 11.099050600000052
10 10.801066400000046
10 10.144096400000034
10 8.975623800000033
10 11.050070000000053
10 7.889646400000008
10 10.596799200000046
10 10.853156800000047
10 10.535736000000043
10 11.535904400000057
11 11.341449400000055
11 10.703754600000046
11 10.896390800000002
11 10.45597659999998
11 10.787183799999985
11 12.314906399999984
11 12.461940399999984
11 12.376084599999986
11 10.802710799999986
11 12.595175799999987
11 8.88002359999998
11 9.815958799999983
11 11.215482199999986
11 10.720553399999988
12 11.870502599999986
12 10.85205159999998
12 10.624649000000012
12 15.407162800000057
12 13.336787400000045
12 10.872234200000037
12 9.051274600000005
12 14.927100800000046
12 15.235366800000078
12 9.649244400000006
12 14.087111000000059
12 11.90781760000003
12 15.838566800000086
12 14.043500400000056
13 17.3745696000001
13 11.425609400000024
13 11.273641200000023
13 10.909834600000014
13 10.059007600000005
13 18.415586000000115
13 13.792442600000062
13 11.63187600000003
13 15.247086400000086
13 12.489423000000045
13 11.841225200000038
