0 0.023076923076923106
0 0.05384615384615388
0 0.11538461538461542
0 0.16923076923076918
0 0.045454545454545414
0 0.04166666666666663
0 0.07499999999999996
0 0.033333333333333326
0 0.038461538461538436
0 0.0357142857142857
0 0.0461538461538461
0 0.050000000000000044
0 0.06153846153846154
0 0.06666666666666665
1 0.0636363636363636
1 0.036363636363636376
1 0.010000000000000009
1 0.023076923076923106
1 0.06666666666666665
1 0.12307692307692308
1 0.18461538461538463
1 0.09166666666666667
1 0.009090909090909038
1 0.15000000000000002
1 0.027272727272727226
1 0.033333333333333326
1 0.033333333333333326
1 0.010000000000000009
2 0.050000000000000044
2 0.008333333333333304
2 0.04166666666666663
2 0.14166666666666672
2 0.040000000000000036
2 0.06666666666666665
2 0.11818181818181817
2 0.0461538461538461
2 0.15000000000000002
2 0.027272727272727226
2 0.15833333333333333
2 0.09999999999999998
2 0.10833333333333328
2 0.12727272727272732
3 0.13636363636363635
3 0.23333333333333328
3 0.08333333333333337
3 0.11818181818181817
3 0.08333333333333337
3 0.033333333333333326
3 0.054545454545454564
3 0.3090909090909091
3 0.10833333333333328
3 0.12727272727272732
3 0.23333333333333328
3 0.30000000000000004
3 0.12727272727272732
3 0.12727272727272732
4 0.19999999999999996
4 0.29166666666666663
4 0.23333333333333328
4 0.20833333333333337
4 0.06666666666666665
4 0.06666666666666665
4 0.04166666666666663
4 0.07499999999999996
4 0.09166666666666667
4 0.3090909090909091
4 0.19090909090909092
4 0.050000000000000044
4 0.10833333333333328
4 0.10909090909090913
5 0.09166666666666667
5 0.10833333333333328
5 0.033333333333333326
5 0.07499999999999996
5 0.15000000000000002
5 0.11818181818181817
5 0.05833333333333335
5 0.2272727272727273
5 0.050000000000000044
5 0.125
5 0.07272727272727275
5 0.050000000000000044
5 0.07692307692307687
5 0.08461538461538465
6 0.19090909090909092
6 0.12727272727272732
6 0.07272727272727275
6 0.1923076923076923
6 0.16666666666666663
6 0.1454545454545455
6 0.11818181818181817
6 0.1461538461538462
6 0.15384615384615385
6 0.16666666666666663
6 0.22499999999999998
6 0.18461538461538463
6 0.2833333333333333
6 0.22499999999999998
7 0.0714285714285714
7 0.09999999999999998
7 0.09999999999999998
7 0.08461538461538465
7 0.1166666666666667
7 0.0636363636363636
7 0.30000000000000004
7 0.08333333333333337
7 0.05833333333333335
7 0.045454545454545414
7 0.18333333333333335
7 0.05833333333333335
7 0.2153846153846154
7 0.34615384615384615
8 0.23333333333333328
8 0.23333333333333328
8 0.19999999999999996
8 0.08999999999999997
8 0.05833333333333335
8 0.08333333333333337
8 0.21666666666666667
8 0.30000000000000004
8 0.1454545454545455
8 0.1166666666666667
8 0.2416666666666667
8 0.09166666666666667
8 0.21666666666666667
8 0.19166666666666665
9 0.10833333333333328
9 0.09999999999999998
9 0.10909090909090913
9 0.09166666666666667
9 0.06666666666666665
9 0.10833333333333328
9 0.050000000000000044
9 0.1454545454545455
9 0.050000000000000044
9 0.1333333333333333
9 0.06666666666666665
9 0.045454545454545414
9 0.07499999999999996
9 0.2909090909090909
10 0.1166666666666667
10 0.18333333333333335
10 0.2583333333333333
10 0.125
10 0.17272727272727273
10 0.21818181818181814
10 0.30000000000000004
10 0.34545454545454546
10 0.25
10 0.24444444444444446
10 0.23333333333333328
10 0.1333333333333333
10 0.10909090909090913
10 0.15000000000000002
11 0.15000000000000002
11 0.20833333333333337
11 0.08181818181818179
11 0.21666666666666667
11 0.07272727272727275
11 0.07499999999999996
11 0.050000000000000044
11 0.07272727272727275
11 0.19999999999999996
11 0.07499999999999996
11 0.19999999999999996
11 0.040000000000000036
11 0.18333333333333335
11 0.07272727272727275
12 0.1636363636363637
12 0.09090909090909094
12 0.0636363636363636
12 0.08461538461538465
12 0.18461538461538463
12 0.17500000000000004
12 0.19999999999999996
12 0.09230769230769231
12 0.12307692307692308
12 0.275
12 0.09090909090909094
12 0.09999999999999998
12 0.0461538461538461
12 0.19999999999999996
13 0.12857142857142856
13 0.15000000000000002
13 0.18181818181818177
13 0.19166666666666665
13 0.30000000000000004
13 0.10769230769230764
13 0.17692307692307696
13 0.10833333333333328
13 0.05384615384615388
13 0.24615384615384617
13 0.09166666666666667
