0 0.5
0 0.9750000000000003
0 0.9269614999999999
0 0.9224017359500001
0 0.979585623169
0 0.9257779200808437
0 0.9223028984489194
0 0.9795825182071871
0 0.925777162328688
0 0.9223028381672712
0 0.9795825163150624
0 0.9257771618673579
0 0.9223028381305713
0 0.9795825163139105
1 0.9257771618670769
1 0.9223028381305491
1 0.9795825163139096
1 0.9257771618670767
1 0.9223028381305489
1 0.9795825163139097
1 0.9257771618670766
1 0.9223028381305491
1 0.9795825163139097
1 0.9257771618670766
1 0.9223028381305491
1 0.9795825163139097
1 0.9257771618670766
1 0.9223028381305491
2 0.9795825163139097
2 0.9257771618670766
2 0.9223028381305491
2 0.9795825163139097
2 0.9257771618670766
2 0.9223028381305491
2 0.9795825163139097
2 0.9257771618670766
2 0.9223028381305491
2 0.9795825163139097
2 0.9257771618670766
2 0.9223028381305491
2 0.9795825163139097
2 0.9257771618670766
3 0.9223028381305491
3 0.9795825163139097
3 0.9257771618670766
3 0.9223028381305491
3 0.9795825163139097
3 0.9257771618670766
3 0.9223028381305491
3 0.9795825163139097
3 0.9257771618670766
3 0.9223028381305491
3 0.9795825163139097
3 0.9257771618670766
3 0.9223028381305491
3 0.9795825163139097
4 0.9257771618670766
4 0.9223028381305491
4 0.9795825163139097
4 0.9257771618670766
4 0.9223028381305491
4 0.9795825163139097
4 0.9257771618670766
4 0.9223028381305491
4 0.9795825163139097
4 0.9257771618670766
4 0.9223028381305491
4 0.9795825163139097
4 0.9257771618670766
4 0.9223028381305491
5 0.9795825163139097
5 0.9257771618670766
5 0.9223028381305491
5 0.9795825163139097
5 0.9257771618670766
5 0.9223028381305491
5 0.9795825163139097
5 0.9257771618670766
5 0.9223028381305491
5 0.9795825163139097
5 0.9257771618670766
5 0.9223028381305491
5 0.9795825163139097
5 0.9257771618670766
6 0.9223028381305491
6 0.9795825163139097
6 0.9257771618670766
6 0.9223028381305491
6 0.9795825163139097
6 0.9257771618670766
6 0.9223028381305491
6 0.9795825163139097
6 0.9257771618670766
6 0.9223028381305491
6 0.9795825163139097
6 0.9257771618670766
6 0.9223028381305491
6 0.9795825163139097
7 0.9257771618670766
7 0.9223028381305491
7 0.9795825163139097
7 0.9257771618670766
7 0.9223028381305491
7 0.9795825163139097
7 0.9257771618670766
7 0.9223028381305491
7 0.9795825163139097
7 0.9257771618670766
7 0.9223028381305491
7 0.9795825163139097
7 0.9257771618670766
7 0.9223028381305491
8 0.9795825163139097
8 0.9257771618670766
8 0.9223028381305491
8 0.9795825163139097
8 0.9257771618670766
8 0.9223028381305491
8 0.9795825163139097
8 0.9257771618670766
8 0.9223028381305491
8 0.9795825163139097
8 0.9257771618670766
8 0.9223028381305491
8 0.9795825163139097
8 0.9257771618670766
9 0.9223028381305491
9 0.9795825163139097
9 0.9257771618670766
9 0.9223028381305491
9 0.9795825163139097
9 0.9257771618670766
9 0.9223028381305491
9 0.9795825163139097
9 0.9257771618670766
9 0.9223028381305491
9 0.9795825163139097
9 0.9257771618670766
9 0.9223028381305491
9 0.9795825163139097
10 0.9257771618670766
10 0.9223028381305491
10 0.9795825163139097
10 0.9257771618670766
10 0.9223028381305491
10 0.9795825163139097
10 0.9257771618670766
10 0.9223028381305491
10 0.9795825163139097
10 0.9257771618670766
10 0.9223028381305491
10 0.9795825163139097
10 0.9257771618670766
10 0.9223028381305491
11 0.9795825163139097
11 0.9257771618670766
11 0.9223028381305491
11 0.9795825163139097
11 0.9257771618670766
11 0.9223028381305491
11 0.9795825163139097
11 0.9257771618670766
11 0.9223028381305491
11 0.9795825163139097
11 0.9257771618670766
11 0.9223028381305491
11 0.9795825163139097
11 0.9257771618670766
12 0.9223028381305491
12 0.9795825163139097
12 0.9257771618670766
12 0.9223028381305491
12 0.9795825163139097
12 0.9257771618670766
12 0.9223028381305491
12 0.9795825163139097
12 0.9257771618670766
12 0.9223028381305491
12 0.9795825163139097
12 0.9257771618670766
12 0.9223028381305491
12 0.9795825163139097
13 0.9257771618670766
13 0.9223028381305491
13 0.9795825163139097
13 0.9257771618670766
13 0.9223028381305491
13 0.9795825163139097
13 0.9257771618670766
13 0.9223028381305491
13 0.9795825163139097
13 0.9257771618670766
13 0.9223028381305491
13 0.9795825163139097
